10.4594752338592	16.569131515933456	1.0	1.0
9.944537175846051	7.662011140464234	1.0	1.0
26.299378801108908	10.801503183313745	1.0	1.0
22.111042354737563	21.37628839948501	1.0	-1.0
14.16501319164569	19.79654184669387	1.0	-1.0
22.042446626122008	19.35942583744532	1.0	-1.0
11.62718236069701	18.189241389394933	1.0	-1.0
7.457516153268394	18.463844850602687	1.0	-1.0
7.151965138007757	25.669261155997418	1.0	-1.0
24.254917076878982	17.657041820802483	1.0	-1.0
13.42493116962152	21.676240625584786	1.0	-1.0
25.846109506285636	18.868232737839776	1.0	-1.0
27.87799188526656	15.916870376764633	1.0	-1.0
9.641945040950034	18.379828893523133	1.0	-1.0
18.4016470937257	25.67678647286951	1.0	-1.0
7.818166590380024	21.937018295213456	1.0	-1.0
3.4753415350044943	18.31199340167302	1.0	-1.0
23.544824411963944	25.109685445108298	1.0	-1.0
18.833181427874667	21.702149494590692	1.0	-1.0
18.656833652578143	17.281636926013256	1.0	-1.0
4.732458416134564	20.187907354821064	1.0	-1.0
11.611893941655481	22.504516632141684	1.0	-1.0
8.483111288687606	16.756283100358157	1.0	-1.0
3.8774383013822433	16.364695606510768	1.0	-1.0
9.633427733836193	22.762158599576793	1.0	-1.0
26.830789723716045	20.60170066144991	1.0	-1.0
8.63120293481063	20.082514130783245	1.0	-1.0
3.5755407980065623	14.236386274681697	1.0	-1.0
21.789483805663217	14.764334248396716	1.0	-1.0
16.127520961636492	26.3725031217626	1.0	-1.0
16.974883064586752	18.34902506245671	1.0	-1.0
3.765634938941062	21.89548507730001	1.0	-1.0
20.31330116417478	16.1120372123754	1.0	-1.0
5.46296596443084	18.366473928881206	1.0	-1.0
14.826542976493773	23.272189108533645	1.0	-1.0
20.223773243199197	26.500939801379513	1.0	-1.0
24.01134611191341	19.638312220252228	1.0	-1.0
15.391135691458203	21.357896534633106	1.0	-1.0
24.08814795012797	21.629735601400533	1.0	-1.0
26.1009596898025	16.893941914934835	1.0	-1.0
17.731047859687127	27.562122242281834	1.0	-1.0
14.4061934874769	16.122444553318083	1.0	-1.0
13.204594820364395	14.527106878009572	1.0	-1.0
7.338933275332031	14.913743547236091	1.0	-1.0
8.934719737889644	26.576812193170223	1.0	-1.0
6.503427460414041	16.705873365103944	1.0	-1.0
5.372347355487577	15.076563397642504	1.0	-1.0
12.205998846132015	20.094535528297097	1.0	-1.0
12.43461931628697	16.366729427949256	1.0	-1.0
20.360936234838793	20.425942128551064	1.0	-1.0
10.41012134019179	20.926756216626774	1.0	-1.0
22.885756428752465	23.22393930637746	1.0	-1.0
1.7511983200867665	15.013566366281424	1.0	-1.0
18.744402009516502	19.268464967951857	1.0	-1.0
6.683464835878496	20.300343088232232	1.0	-1.0
17.19673178801638	20.518058356207508	1.0	-1.0
16.716382826010545	24.473014756338713	1.0	-1.0
8.823315880759827	24.581931122111044	1.0	-1.0
17.012672378328205	22.50701845491733	1.0	-1.0
2.77478750485559	20.164559349839976	1.0	-1.0
18.622943913410023	23.690063670906333	1.0	-1.0
6.881711345182358	23.698923114958784	1.0	-1.0
20.89453705270849	23.051648452268644	1.0	-1.0
9.301969314886733	14.94310118041587	1.0	-1.0
1.9957149893912884	16.982313801069814	1.0	-1.0
21.547569971083156	25.00178349789124	1.0	-1.0
27.684724552454387	18.09242886760471	1.0	-1.0
15.433726305994428	28.23572705892053	1.0	-1.0
20.42616330228524	18.192993149430098	1.0	-1.0
10.848267224618038	24.350176105578726	1.0	-1.0
14.485235231553895	25.24201335058119	1.0	-1.0
25.93041603638852	22.385578529126708	1.0	-1.0
22.243498766035202	17.372552476083555	1.0	-1.0
5.749434982387299	22.060709006044576	1.0	-1.0
15.017331970980303	18.006433130562527	1.0	-1.0
12.953596157431607	23.97013201655787	1.0	-1.0
7.262066517998065	4.4685899273861	1.0	-1.0
12.325434091587592	10.941341751444464	1.0	-1.0
19.10667358512183	6.267082458412505	1.0	-1.0
27.14223741134294	13.994430111477293	1.0	-1.0
3.614610615141409	11.913182308753228	1.0	-1.0
15.548575296855187	12.341986769066843	1.0	-1.0
17.164507559393325	6.638602555676419	1.0	-1.0
20.07863679143302	9.304362540300978	1.0	-1.0
17.072094769837676	13.882738519304143	1.0	-1.0
17.60094179755709	11.967584513540825	1.0	-1.0
18.478044071241687	8.127703452594776	1.0	-1.0
16.968455511193213	4.65282947881067	1.0	-1.0
9.887572568171503	4.4469259736960165	1.0	-1.0
22.744381216476604	12.229233282691428	1.0	-1.0
11.255460770478015	14.74709350352763	1.0	-1.0
18.98798682057275	13.404555572277294	1.0	-1.0
16.945460995391187	2.6578874584509435	1.0	-1.0
13.134033444657966	9.090089829428955	1.0	-1.0
18.45051249591142	15.314775392488938	1.0	-1.0
11.153578514933907	9.330978926583732	1.0	-1.0
22.512740655312776	4.316491190372846	1.0	-1.0
18.91077498694541	2.3317010315849593	1.0	-1.0
7.198118349713654	9.711288415160414	1.0	-1.0
5.210779564441834	13.10482166452199	1.0	-1.0
10.34568406527553	11.15218733661377	1.0	-1.0
21.411031142964642	10.773165393804055	1.0	-1.0
14.29544987911771	10.71198314380312	1.0	-1.0
3.589312943869956	8.348653443023409	1.0	-1.0
11.922809660924433	7.501397671625114	1.0	-1.0
11.561651476256044	12.780285917253632	1.0	-1.0
19.563653826266286	11.505304917769157	1.0	-1.0
25.08640725798385	9.221402439715975	1.0	-1.0
15.107955992220033	1.8892674619872079	1.0	-1.0
20.91487472173852	12.97224077677962	1.0	-1.0
4.723036890992002	6.722981437212592	1.0	-1.0
14.661328786109769	7.80424546631508	1.0	-1.0
6.678915597944441	6.375897814797991	1.0	-1.0
13.167231704778352	4.249458398151786	1.0	-1.0
16.262024664178902	10.488437558236942	1.0	-1.0
7.201203654657054	12.940795562633607	1.0	-1.0
25.459522609411145	12.680142195110438	1.0	-1.0
20.729226259705847	7.421610187289502	1.0	-1.0
1.9847238472716207	13.043433314879593	1.0	-1.0
15.153931273896253	14.288231058857475	1.0	-1.0
20.719609023712476	3.1697922550567093	1.0	-1.0
22.372238608264666	6.3015068839347474	1.0	-1.0
24.31574202089897	5.86532521924584	1.0	-1.0
18.93222099784382	4.301322273961212	1.0	-1.0
16.52312576867002	8.520814878783701	1.0	-1.0
23.487564384778132	15.81649622623165	1.0	-1.0
18.199009799109863	10.072969842049151	1.0	-1.0
15.129260403007972	3.871022797512376	1.0	-1.0
24.31984139443473	11.042277713619134	1.0	-1.0
8.641745880060046	6.007272495589138	1.0	-1.0
6.053281860302571	11.318329834838977	1.0	-1.0
25.66586894370218	7.33500976166731	1.0	-1.0
8.362957877215882	11.329301662882534	1.0	-1.0
4.469977923248898	10.12223684907286	1.0	-1.0
11.56338145970552	5.532047234805557	1.0	-1.0
22.079313375774994	8.898582241412054	1.0	-1.0
27.795232346595782	12.114858354959331	1.0	-1.0
9.515275998393978	12.96305695245798	1.0	-1.0
25.44205813754601	15.027545889271789	1.0	-1.0
13.431285284518786	6.227423589596517	1.0	-1.0
23.845759865608066	13.860971563568674	1.0	-1.0
13.561888275157422	12.566399513472154	1.0	-1.0
5.623846842036652	8.495418380059267	1.0	-1.0
15.363945453566034	5.840473126794414	1.0	-1.0
20.733439518176684	5.162452154853311	1.0	-1.0
7.971491440065264	7.887101299445826	1.0	-1.0
16.565598087670676	15.993733182136975	1.0	-1.0
9.174573854674334	9.505687025653703	1.0	-1.0
23.719778940988007	7.769708338270199	1.0	-1.0
30.0	15.0	1.0026359532733382	0.0
29.866162322321706	16.999304330606684	1.0026359532733382	0.0
29.46703762581565	18.96293102806929	1.0026359532733382	0.0
28.80974830014643	20.855839127452423	1.0026359532733382	0.0
27.90602368890209	22.64424963887876	1.0026359532733382	0.0
26.771990779179916	24.29624833440368	1.0026359532733382	0.0
25.427886415119634	25.78235525816894	1.0026359532733382	0.0
23.89769617094033	27.076050796913442	1.0026359532733382	0.0
22.208726327800257	28.15424892310007	1.0026359532733382	0.0
20.391116592562692	28.997709165624038	1.0026359532733382	0.0
18.477302254012923	29.591379956475556	1.0026359532733382	0.0
16.501435374361478	29.92466722632756	1.0026359532733382	0.0
14.498775344884882	29.99162345595382	1.0026359532733382	0.0
12.50505968125305	29.79105380985043	1.0026359532733382	0.0
10.555866286715492	29.326537458103687	1.0026359532733382	0.0
8.685978563574977	28.60636370601511	1.0026359532733382	0.0
6.928764702549412	27.64338407125196	1.0026359532733382	0.0
5.315582226617964	26.45478294820998	1.0026359532733382	0.0
3.875218415280637	25.061770952088352	1.0026359532733382	0.0
2.633376594873594	23.48920641495893	1.0026359532733382	0.0
1.6122174621017802	21.765151788241525	1.0026359532733382	0.0
0.82996362588122	19.920372867593542	1.0026359532733382	0.0
0.30057442445120053	17.987789776557545	1.0026359532733382	0.0
0.03349682065270443	16.001889506176827	1.0026359532733382	0.0
0.03349682065270443	13.998110493823178	1.0026359532733382	0.0
0.3005744244511952	12.012210223442459	1.0026359532733382	0.0
0.8299636258812182	10.079627132406465	1.0026359532733382	0.0
1.612217462101782	8.234848211758472	1.0026359532733382	0.0
2.6333765948735923	6.5107935850410765	1.0026359532733382	0.0
3.875218415280637	4.938229047911651	1.0026359532733382	0.0
5.315582226617964	3.545217051790022	1.0026359532733382	0.0
6.928764702549408	2.3566159287480435	1.0026359532733382	0.0
8.685978563574974	1.3936362939848888	1.0026359532733382	0.0
10.555866286715489	0.6734625418963116	1.0026359532733382	0.0
12.50505968125305	0.20894619014957172	1.0026359532733382	0.0
14.498775344884882	0.008376544046180712	1.0026359532733382	0.0
16.501435374361478	0.0753327736724394	1.0026359532733382	0.0
18.477302254012926	0.4086200435244418	1.0026359532733382	0.0
20.391116592562696	1.0022908343759624	1.0026359532733382	0.0
22.20872632780026	1.84575107689993	1.0026359532733382	0.0
23.897696170940332	2.9239492030865595	1.0026359532733382	0.0
25.42788641511963	4.217644741831052	1.0026359532733382	0.0
26.77199077917991	5.70375166559632	1.0026359532733382	0.0
27.90602368890209	7.355750361121232	1.0026359532733382	0.0
28.80974830014643	9.144160872547573	1.0026359532733382	0.0
29.46703762581565	11.037068971930704	1.0026359532733382	0.0
29.8661623223217	13.000695669393313	1.0026359532733382	0.0
